object 1 1
567 975
585 1005
940 758
1005 489
783 68
585 17
95 227
17 614
object 2 0
918 167
585 1005
1005 489
783 68
95 227
17 614
940 758
585 17
object 3 1
276 667
614 17
489 1005
758 940
68 783
17 585
1005 585
227 95
object 4 0
560 987
255 826
632 902
907 586
908 460
495 120
160 332
114 552
object 5 1
405 303
908 460
907 586
632 902
495 120
255 826
160 332
114 552
object 6 1
578 235
552 114
332 160
826 255
120 495
902 632
586 907
460 908
object 7 0
141 328
120 495
552 114
332 160
826 255
460 908
902 632
586 907
object 8 0
185 728
332 160
460 908
120 495
552 114
826 255
902 632
586 907
object 9 0
442 1023
147 644
117 428
451 199
507 189
664 206
875 363
895 833
object 10 1
624 290
451 199
875 363
895 833
664 206
117 428
507 189
147 644
object 11 0
832 83
875 363
451 199
117 428
895 833
664 206
147 644
507 189
object 12 1
617 753
363 875
199 451
428 117
833 895
206 664
644 147
189 507
object 13 0
259 72
489 1005
68 783
1005 585
614 17
758 940
17 585
227 95
object 14 0
800 89
1005 585
489 1005
68 783
227 95
614 17
758 940
17 585
object 15 0
239 871
585 1005
940 758
1005 489
783 68
585 17
95 227
17 614
object 16 1
905 539
1005 489
783 68
585 1005
17 614
940 758
585 17
95 227
object 17 1
705 769
255 826
632 902
907 586
908 460
495 120
160 332
114 552
object 18 1
516 442
460 908
586 907
902 632
120 495
826 255
332 160
552 114
object 19 1
384 234
160 332
908 460
495 120
114 552
255 826
632 902
907 586
object 20 1
414 719
114 552
160 332
255 826
495 120
632 902
907 586
908 460
object 21 0
975 667
908 460
907 586
632 902
495 120
255 826
160 332
114 552
object 22 1
761 648
428 117
644 147
199 451
189 507
206 664
363 875
833 895
object 23 1
424 331
833 895
363 875
206 664
189 507
199 451
644 147
428 117
object 24 1
453 628
199 451
363 875
833 895
206 664
428 117
189 507
644 147
object 25 0
163 840
117 428
147 644
451 199
507 189
664 206
875 363
895 833
object 26 0
881 136
895 833
875 363
664 206
507 189
451 199
147 644
117 428
object 27 1
282 318
1005 585
758 940
489 1005
68 783
17 585
227 95
614 17
object 28 1
471 895
1005 585
614 17
489 1005
68 783
17 585
227 95
758 940
object 29 0
72 259
585 1005
17 614
1005 489
783 68
585 17
95 227
940 758
object 30 0
18 44
17 614
1005 489
940 758
783 68
585 17
585 1005
95 227
object 31 0
945 108
585 1005
1005 489
783 68
95 227
17 614
940 758
585 17
object 32 1
601 550
1005 585
758 940
489 1005
68 783
17 585
227 95
614 17
object 33 1
759 415
585 1005
17 614
1005 489
783 68
585 17
95 227
940 758
object 34 0
57 35
451 199
875 363
895 833
664 206
117 428
507 189
147 644
object 35 1
474 360
644 147
428 117
199 451
189 507
206 664
363 875
833 895
object 36 0
226 28
833 895
363 875
206 664
189 507
199 451
644 147
428 117
object 37 0
978 412
826 255
902 632
586 907
460 908
120 495
332 160
552 114
object 38 1
729 498
495 120
114 552
160 332
255 826
908 460
632 902
907 586
object 39 0
70 775
120 495
552 114
332 160
826 255
460 908
902 632
586 907
object 40 1
667 726
1005 489
783 68
585 1005
17 614
940 758
585 17
95 227
object 41 0
534 26
1005 585
614 17
489 1005
68 783
17 585
227 95
758 940
object 42 0
18 55
17 614
1005 489
940 758
783 68
585 17
585 1005
95 227
object 43 0
705 135
1005 585
489 1005
68 783
227 95
614 17
758 940
17 585
object 44 1
708 630
826 255
902 632
586 907
460 908
120 495
332 160
552 114
object 45 0
807 18
460 908
586 907
902 632
120 495
826 255
332 160
552 114
object 46 0
18 870
160 332
908 460
495 120
114 552
255 826
632 902
907 586
object 47 0
47 241
552 114
332 160
826 255
120 495
902 632
586 907
460 908
object 48 0
185 883
117 428
147 644
451 199
507 189
664 206
875 363
895 833
object 49 0
909 994
199 451
363 875
833 895
206 664
428 117
189 507
644 147
object 50 0
888 550
644 147
428 117
199 451
189 507
206 664
363 875
833 895

