object 1 1
220 320
0 200
103 340
755 510
103 50
982 280
298 560
710 50
object 2 0
1000 1000
220 720
10 400
103 50
200 0
710 50
755 510
982 280
object 3 0
200 565
140 160
298 560
755 510
103 50
710 50
982 280
103 340
object 4 1
335 545
140 160
400 80
300 800
980 120
710 620
103 900
90 210
object 5 0
0 600
100 100
567 1003
1010 643
321 0
700 80
321 870
970 280
object 6 0
1000 1000
973 970
694 1023
10 200
800 521
243 903
502 323
950 768
object 7 1
600 600
823 870
970 280
432 123
1010 643
321 127
121 1003
567 970
object 8 1
400 600
210 130
710 550
130 210
400 900
103 1023
400 80
720 450
